502 227 275 219 552 415 231 402 574 595 185 561 468 593 300 596 445 875 317 873 450 1120 312 1124 
502 229 273 219 552 417 229 402 573 596 183 571 471 588 300 586 446 868 308 862 459 1109 316 1122 
504 229 273 219 552 417 228 401 573 596 183 570 475 591 300 587 447 869 309 864 461 1109 317 1122 
508 227 276 219 556 415 227 400 574 596 184 570 478 589 300 585 447 868 309 862 462 1104 318 1116 
510 225 277 219 558 413 230 400 576 596 184 572 480 585 301 583 448 863 309 858 464 1100 320 1111 
512 221 278 218 561 409 229 398 578 590 184 571 483 584 304 582 455 861 315 855 476 1091 332 1103 
512 221 278 218 562 407 229 397 578 590 183 571 482 584 304 583 455 861 314 856 473 1093 331 1104 
512 221 278 218 561 407 227 397 577 591 181 571 482 584 304 583 456 860 314 857 476 1092 332 1105 
512 221 278 217 560 407 227 396 577 590 182 569 482 574 304 571 456 848 314 843 475 1077 331 1091 
512 221 278 216 560 407 227 396 577 591 181 569 482 573 303 572 454 849 313 845 472 1081 327 1094 
513 221 279 214 561 407 227 394 577 592 187 568 482 574 306 572 454 847 315 846 471 1076 327 1090 
514 221 280 211 561 400 216 381 579 564 190 541 483 575 306 570 457 846 318 845 470 1074 327 1090 
514 216 281 206 561 384 210 370 579 530 191 514 483 569 308 563 457 837 318 835 470 1063 327 1078 
515 215 282 205 561 383 211 368 574 540 191 513 485 565 312 556 498 746 314 805 484 1030 317 1046 
515 215 282 204 562 384 212 370 575 541 197 518 486 566 312 558 491 750 314 815 482 1043 310 1058 
515 213 282 204 562 380 212 370 577 536 199 519 486 566 312 560 480 765 313 819 476 1047 311 1061 
515 213 281 204 562 380 213 370 579 535 198 522 486 567 312 561 470 782 313 821 468 1048 311 1062 
514 213 279 205 560 379 213 371 579 534 198 523 486 568 311 561 463 785 315 822 460 1051 313 1064 
513 213 279 206 554 379 213 371 579 529 199 524 485 566 310 560 457 798 315 822 455 1048 313 1063 
511 213 278 205 551 379 213 371 579 526 197 525 483 566 306 560 449 802 314 822 449 1049 313 1064 
510 212 275 205 550 378 213 370 579 528 194 524 481 566 304 559 443 807 311 821 447 1049 309 1064 
509 212 273 205 550 379 211 370 578 530 188 524 479 566 298 559 438 808 307 821 441 1050 307 1064 
507 212 269 205 548 377 209 370 576 530 185 524 474 566 295 559 435 811 302 816 438 1045 301 1056 
503 214 263 207 543 378 206 373 571 531 178 528 469 567 290 559 431 814 298 817 435 1045 298 1057 
497 216 257 207 537 381 201 374 567 531 176 528 467 567 288 560 432 818 299 821 436 1046 299 1060 
496 215 257 206 538 379 202 374 568 529 178 528 468 567 291 560 437 819 309 821 443 1046 312 1060 
495 215 257 205 536 379 198 371 565 528 174 528 468 567 291 561 442 819 313 823 450 1046 318 1063 
497 204 261 196 544 376 202 368 591 526 187 526 487 542 322 549 502 801 354 811 508 1025 349 1048 
538 203 298 193 599 373 252 367 642 526 234 524 524 545 355 549 514 808 377 822 521 1034 366 1059 
574 200 329 185 628 373 275 363 661 530 247 521 539 549 365 550 512 818 373 824 518 1046 357 1064 
584 201 342 182 628 375 278 364 658 535 253 521 545 557 367 551 516 823 373 826 531 1056 362 1068 
584 201 340 182 631 376 276 364 656 540 250 521 546 558 365 551 513 823 366 825 521 1055 357 1066 
580 201 337 183 629 375 271 364 653 540 248 521 547 562 365 556 524 827 370 828 534 1055 362 1066 
574 201 333 183 624 375 267 364 675 526 242 521 541 562 360 558 519 835 368 833 529 1066 361 1074 
570 201 328 184 619 376 266 364 675 538 240 526 537 557 357 558 517 834 366 832 531 1066 359 1074 
565 198 326 183 610 377 266 364 634 557 240 530 533 556 355 558 508 834 364 831 516 1065 358 1069 
551 198 319 183 593 377 262 364 617 555 237 532 518 557 345 558 492 834 351 831 499 1065 352 1069 
532 190 307 182 582 356 258 350 589 506 237 501 505 557 337 556 489 827 311 765 497 1057 350 1063 
518 186 297 182 551 313 244 328 574 292 236 282 491 550 328 547 475 800 316 781 471 1035 334 1045 
516 179 300 174 549 270 244 263 559 210 239 174 487 533 320 532 460 782 317 775 455 1027 322 1036 
509 174 301 173 548 272 245 268 571 229 241 195 485 530 317 526 465 781 310 779 457 1021 304 1023 
507 175 302 173 551 266 249 251 578 223 242 214 488 534 317 528 464 790 299 767 460 1021 307 1025 
509 177 302 175 551 269 246 245 578 244 242 193 489 538 316 530 465 798 301 796 461 1033 311 1047 
506 178 303 175 546 266 245 242 574 221 241 159 488 528 316 522 474 774 305 730 465 1003 312 1012 
508 179 303 175 548 264 244 237 574 224 240 169 489 528 317 522 476 778 310 743 467 1005 313 1011 
509 179 304 177 549 264 243 236 576 231 239 153 490 530 317 525 480 779 322 743 468 1005 317 1014 
509 179 306 177 551 264 241 233 577 225 239 151 490 529 319 526 484 781 333 756 472 1009 324 1017 
509 179 306 175 551 263 237 232 578 226 236 161 490 522 320 518 490 769 333 762 479 1003 323 1009 
509 179 305 184 568 260 219 236 613 238 201 180 491 533 316 529 489 792 322 754 479 1027 341 1036 
515 186 286 189 629 305 153 245 781 297 24 182 491 545 317 543 492 816 321 806 486 1050 335 1054 
515 189 270 191 644 323 119 246 796 329 -47 214 491 550 317 546 481 824 316 818 470 1051 325 1055 
515 193 266 193 643 322 112 247 792 337 -52 253 491 549 316 546 470 820 304 812 464 1042 306 1054 
515 196 264 194 645 322 120 247 798 343 -37 247 491 549 315 545 468 817 302 808 463 1041 301 1052 
515 198 263 195 654 321 113 246 820 338 -59 245 490 549 314 545 467 819 303 817 464 1041 299 1056 
515 201 262 197 661 319 107 245 830 333 -75 244 490 551 314 545 468 818 289 809 463 1040 292 1052 
514 203 261 198 661 317 101 242 823 331 -74 242 490 548 314 538 474 799 277 774 467 1030 282 1030 
514 204 261 198 663 316 100 240 831 331 -78 234 488 548 313 534 470 798 279 713 456 1031 275 1019 
513 204 259 198 661 316 104 241 828 332 -71 236 483 549 304 537 464 798 276 729 454 1028 278 1022 
511 203 256 195 656 323 106 264 812 357 -59 263 466 560 297 552 462 814 275 741 454 1035 281 1051 
511 223 251 201 652 364 94 324 807 406 -88 362 450 602 288 596 454 849 277 855 439 1072 280 1100 
511 238 245 215 651 400 92 362 806 446 -92 414 447 628 283 619 448 889 280 891 432 1121 280 1145 
513 267 239 246 650 466 89 430 805 550 -95 511 444 662 276 657 439 941 280 948 430 1187 279 1204 
516 368 229 345 645 574 80 551 790 643 -103 657 441 742 259 783 441 1084 269 1097 434 1345 271 1354 
516 461 227 442 632 647 86 630 779 741 -94 756 438 878 254 878 435 1206 262 1217 428 1504 262 1518 
501 486 219 468 617 664 87 646 773 766 -86 737 435 906 244 902 424 1246 246 1249 419 1564 243 1567 
486 492 212 478 603 680 90 664 748 794 -84 752 437 909 250 918 431 1256 252 1272 437 1589 250 1598 
473 494 209 488 564 689 110 677 632 864 2 787 439 912 253 917 434 1255 255 1256 437 1575 252 1581 
468 507 213 508 546 698 148 689 582 876 87 832 439 910 255 916 434 1250 258 1251 438 1568 255 1575 
467 512 214 510 538 698 163 683 573 875 99 784 436 898 256 899 422 1236 250 1231 424 1553 250 1555 
466 510 216 510 534 698 167 682 586 868 91 758 437 899 257 902 425 1234 252 1231 425 1546 251 1548 
468 510 217 512 534 697 169 684 577 868 96 761 438 903 258 905 426 1234 252 1233 425 1546 254 1546 
469 507 217 509 538 695 169 680 586 874 101 765 439 897 259 899 426 1228 252 1224 426 1537 254 1538 
470 504 215 506 542 691 165 688 605 872 107 859 439 899 259 906 431 1231 261 1235 437 1541 275 1544 
